MORTGAGE AMORTIZATION SCHEDULE
Loan amount: ......$3000.0
Loan rate: ........ 4.7% 
Loan term: ........ 1 years
Monthly Payment: ..$256.41
Final Payment: ....$256.40
Total Paid: .......$3076.91
Cost of Credit: ...$76.91
         /----------Payment------------\  /-----------Total-------------\ 
 month    payment   interest  principle   interest  principle       paid    balance     1     256.41      11.75     244.66      11.75     244.66     256.41    2755.34
     2     256.41      10.79     245.62      22.54     490.28     512.82    2509.72
     3     256.41       9.83     246.58      32.37     736.86     769.23    2263.14
     4     256.41       8.86     247.55      41.23     984.41    1025.64    2015.59
     5     256.41       7.89     248.52      49.12    1232.93    1282.05    1767.07
     6     256.41       6.92     249.49      56.04    1482.42    1538.46    1517.58
     7     256.41       5.94     250.47      61.98    1732.89    1794.87    1267.11
     8     256.41       4.96     251.45      66.94    1984.34    2051.28    1015.66
     9     256.41       3.98     252.43      70.92    2236.77    2307.69     763.23
    10     256.41       2.99     253.42      73.91    2490.19    2564.10     509.81
    11     256.41       2.00     254.41      75.91    2744.60    2820.51     255.40
    12     256.40       1.00     255.40      76.91    3000.00    3076.91       0.00
