MORTGAGE AMORTIZATION SCHEDULE
Loan amount: ......$13000.0
Loan rate: ........ 27.0% 
Loan term: ........ 2 years
Monthly Payment: ..$706.94
Final Payment: ....$707.02
Total Paid: .......$16966.64
Cost of Credit: ...$3966.64
         /----------Payment------------\  /-----------Total-------------\ 
 month    payment   interest  principle   interest  principle       paid    balance     1     706.94     292.50     414.44     292.50     414.44     706.94   12585.56
     2     706.94     283.18     423.76     575.68     838.20    1413.88   12161.80
     3     706.94     273.64     433.30     849.32    1271.50    2120.82   11728.50
     4     706.94     263.89     443.05    1113.21    1714.55    2827.76   11285.45
     5     706.94     253.92     453.02    1367.13    2167.57    3534.70   10832.43
     6     706.94     243.73     463.21    1610.86    2630.78    4241.64   10369.22
     7     706.94     233.31     473.63    1844.17    3104.41    4948.58    9895.59
     8     706.94     222.65     484.29    2066.82    3588.70    5655.52    9411.30
     9     706.94     211.75     495.19    2278.57    4083.89    6362.46    8916.11
    10     706.94     200.61     506.33    2479.18    4590.22    7069.40    8409.78
    11     706.94     189.22     517.72    2668.40    5107.94    7776.34    7892.06
    12     706.94     177.57     529.37    2845.97    5637.31    8483.28    7362.69
    13     706.94     165.66     541.28    3011.63    6178.59    9190.22    6821.41
    14     706.94     153.48     553.46    3165.11    6732.05    9897.16    6267.95
    15     706.94     141.03     565.91    3306.14    7297.96   10604.10    5702.04
    16     706.94     128.30     578.64    3434.44    7876.60   11311.04    5123.40
    17     706.94     115.28     591.66    3549.72    8468.26   12017.98    4531.74
    18     706.94     101.96     604.98    3651.68    9073.24   12724.92    3926.76
    19     706.94      88.35     618.59    3740.03    9691.83   13431.86    3308.17
    20     706.94      74.43     632.51    3814.46   10324.34   14138.80    2675.66
    21     706.94      60.20     646.74    3874.66   10971.08   14845.74    2028.92
    22     706.94      45.65     661.29    3920.31   11632.37   15552.68    1367.63
    23     706.94      30.77     676.17    3951.08   12308.54   16259.62     691.46
    24     707.02      15.56     691.46    3966.64   13000.00   16966.64      -0.00
