MORTGAGE AMORTIZATION SCHEDULE
Loan amount: ......$13000.0
Loan rate: ........ 17.0% 
Loan term: ........ 2 years
Monthly Payment: ..$642.75
Final Payment: ....$642.74
Total Paid: .......$15425.99
Cost of Credit: ...$2425.99
         /----------Payment------------\  /-----------Total-------------\ 
 month    payment   interest  principle   interest  principle       paid    balance     1     642.75     184.17     458.58     184.17     458.58     642.75   12541.42
     2     642.75     177.67     465.08     361.84     923.66    1285.50   12076.34
     3     642.75     171.08     471.67     532.92    1395.33    1928.25   11604.67
     4     642.75     164.40     478.35     697.32    1873.68    2571.00   11126.32
     5     642.75     157.62     485.13     854.94    2358.81    3213.75   10641.19
     6     642.75     150.75     492.00    1005.69    2850.81    3856.50   10149.19
     7     642.75     143.78     498.97    1149.47    3349.78    4499.25    9650.22
     8     642.75     136.71     506.04    1286.18    3855.82    5142.00    9144.18
     9     642.75     129.54     513.21    1415.72    4369.03    5784.75    8630.97
    10     642.75     122.27     520.48    1537.99    4889.51    6427.50    8110.49
    11     642.75     114.90     527.85    1652.89    5417.36    7070.25    7582.64
    12     642.75     107.42     535.33    1760.31    5952.69    7713.00    7047.31
    13     642.75      99.84     542.91    1860.15    6495.60    8355.75    6504.40
    14     642.75      92.15     550.60    1952.30    7046.20    8998.50    5953.80
    15     642.75      84.35     558.40    2036.65    7604.60    9641.25    5395.40
    16     642.75      76.43     566.32    2113.08    8170.92   10284.00    4829.08
    17     642.75      68.41     574.34    2181.49    8745.26   10926.75    4254.74
    18     642.75      60.28     582.47    2241.77    9327.73   11569.50    3672.27
    19     642.75      52.02     590.73    2293.79    9918.46   12212.25    3081.54
    20     642.75      43.66     599.09    2337.45   10517.55   12855.00    2482.45
    21     642.75      35.17     607.58    2372.62   11125.13   13497.75    1874.87
    22     642.75      26.56     616.19    2399.18   11741.32   14140.50    1258.68
    23     642.75      17.83     624.92    2417.01   12366.24   14783.25     633.76
    24     642.74       8.98     633.76    2425.99   13000.00   15425.99      -0.00
